 8 6 12
 8 7 12
 8 8 12
 8 9 12
 8 10 12
 8 11 12
 8 12 12
 8 13 12
 8 14 12
 8 15 12
 8 16 12
 8 17 12
 8 18 12
 8 19 12
 8 20 12
 8 21 12
 8 22 12
 8 23 12
 8 24 12
 8 25 12
 8 26 12
 8 27 12
 8 28 12
 8 29 12
 8 30 12
 8 31 12
 8 32 12
 8 33 12
 8 34 12
 8 35 12
 8 36 12
 8 37 12
 8 38 12
 8 39 12
 8 40 12
 8 41 12
 8 42 12
 8 43 12
 8 44 12
 8 45 12
 8 46 12
 8 47 12
 8 48 12
 8 49 12
 8 50 12
 8 51 12
 8 52 12
 8 53 12
 8 54 12
 8 55 12
 8 56 12
 8 57 12
 8 58 12
 8 59 12
 8 60 12
 8 61 12
 9 6 12
 9 7 3
 9 8 3
 9 9 3
 9 10 3
 9 11 3
 9 12 3
 9 13 3
 9 14 3
 9 15 3
 9 16 3
 9 17 3
 9 18 3
 9 19 3
 9 20 3
 9 21 3
 9 22 3
 9 23 3
 9 24 3
 9 25 3
 9 26 3
 9 27 3
 9 28 3
 9 29 3
 9 30 3
 9 31 3
 9 32 3
 9 33 3
 9 34 3
 9 35 3
 9 36 3
 9 37 3
 9 38 3
 9 39 3
 9 40 3
 9 41 3
 9 42 3
 9 43 3
 9 44 3
 9 45 3
 9 46 3
 9 47 3
 9 48 3
 9 49 3
 9 50 3
 9 51 3
 9 52 3
 9 53 3
 9 54 3
 9 55 3
 9 56 3
 9 57 3
 9 58 3
 9 59 3
 9 61 12
 10 6 12
 10 7 3
 10 59 3
 10 61 12
 11 6 12
 11 7 3
 11 9 3
 11 10 3
 11 11 3
 11 12 3
 11 13 3
 11 14 3
 11 15 3
 11 16 3
 11 17 3
 11 18 3
 11 19 3
 11 20 3
 11 21 3
 11 22 3
 11 23 3
 11 24 3
 11 25 3
 11 26 3
 11 27 3
 11 28 3
 11 29 3
 11 30 3
 11 31 3
 11 32 3
 11 33 3
 11 34 3
 11 35 3
 11 36 3
 11 37 3
 11 38 3
 11 39 3
 11 40 3
 11 41 3
 11 42 3
 11 43 3
 11 44 3
 11 45 3
 11 46 3
 11 47 3
 11 48 3
 11 49 3
 11 50 3
 11 51 3
 11 52 3
 11 53 3
 11 54 3
 11 55 3
 11 56 3
 11 57 3
 11 59 3
 11 61 12
 12 6 12
 12 7 3
 12 9 3
 12 57 3
 12 59 3
 12 61 12
 13 6 12
 13 7 3
 13 9 3
 13 11 3
 13 12 3
 13 13 3
 13 14 3
 13 15 3
 13 16 3
 13 17 3
 13 18 3
 13 19 3
 13 20 3
 13 21 3
 13 22 3
 13 23 3
 13 24 3
 13 25 3
 13 26 3
 13 27 3
 13 28 3
 13 29 3
 13 30 3
 13 31 3
 13 32 3
 13 33 3
 13 34 3
 13 35 3
 13 36 3
 13 37 3
 13 38 3
 13 39 3
 13 40 3
 13 41 3
 13 42 3
 13 43 3
 13 44 3
 13 45 3
 13 46 3
 13 47 3
 13 48 3
 13 49 3
 13 50 3
 13 51 3
 13 52 3
 13 53 3
 13 54 3
 13 55 3
 13 57 3
 13 59 3
 13 61 12
 14 6 12
 14 7 3
 14 9 3
 14 11 3
 14 52 3
 14 55 3
 14 57 3
 14 59 3
 14 61 12
 15 6 12
 15 7 3
 15 9 3
 15 11 3
 15 13 3
 15 15 3
 15 16 3
 15 17 3
 15 18 3
 15 19 3
 15 20 3
 15 21 3
 15 22 3
 15 23 3
 15 24 3
 15 25 3
 15 26 3
 15 27 3
 15 28 3
 15 29 3
 15 30 3
 15 31 3
 15 32 3
 15 33 3
 15 34 3
 15 35 3
 15 36 3
 15 37 3
 15 38 3
 15 39 3
 15 40 3
 15 41 3
 15 42 3
 15 43 3
 15 44 3
 15 45 3
 15 46 3
 15 47 3
 15 48 3
 15 49 3
 15 50 3
 15 52 3
 15 55 3
 15 57 3
 15 59 3
 15 61 12
 16 6 12
 16 7 3
 16 9 3
 16 11 3
 16 13 3
 16 33 3
 16 52 3
 16 53 3
 16 54 3
 16 55 3
 16 57 3
 16 59 3
 16 61 12
 17 6 12
 17 7 3
 17 9 3
 17 11 3
 17 13 3
 17 14 3
 17 15 3
 17 16 3
 17 17 3
 17 18 3
 17 19 3
 17 20 3
 17 21 3
 17 22 3
 17 23 3
 17 24 3
 17 25 3
 17 26 3
 17 27 3
 17 28 3
 17 29 3
 17 30 3
 17 31 3
 17 33 3
 17 35 3
 17 36 3
 17 37 3
 17 38 3
 17 39 3
 17 40 3
 17 41 3
 17 42 3
 17 43 3
 17 44 3
 17 45 3
 17 46 3
 17 47 3
 17 48 3
 17 49 3
 17 50 3
 17 51 3
 17 55 3
 17 57 3
 17 59 3
 17 61 12
 18 6 12
 18 7 3
 18 9 3
 18 11 3
 18 13 3
 18 31 3
 18 33 3
 18 51 3
 18 53 3
 18 55 3
 18 57 3
 18 59 3
 18 61 12
 19 6 12
 19 7 3
 19 9 3
 19 11 3
 19 13 3
 19 15 3
 19 17 3
 19 18 3
 19 19 3
 19 20 3
 19 21 3
 19 22 3
 19 23 3
 19 24 3
 19 25 3
 19 26 3
 19 27 3
 19 28 3
 19 29 3
 19 31 3
 19 33 3
 19 34 3
 19 35 3
 19 36 3
 19 37 3
 19 38 3
 19 39 3
 19 40 3
 19 41 3
 19 42 3
 19 43 3
 19 44 3
 19 45 3
 19 46 3
 19 47 3
 19 48 3
 19 49 3
 19 51 3
 19 53 3
 19 55 3
 19 57 3
 19 59 3
 19 61 12
 20 6 12
 20 7 3
 20 9 3
 20 11 3
 20 13 3
 20 15 3
 20 17 3
 20 31 3
 20 46 3
 20 49 3
 20 51 3
 20 53 3
 20 55 3
 20 57 3
 20 59 3
 20 61 12
 21 6 12
 21 7 3
 21 9 3
 21 11 3
 21 13 3
 21 15 3
 21 17 3
 21 19 3
 21 20 3
 21 21 3
 21 22 3
 21 23 3
 21 24 3
 21 25 3
 21 26 3
 21 27 3
 21 28 3
 21 29 3
 21 30 3
 21 31 3
 21 32 3
 21 33 3
 21 34 3
 21 35 3
 21 36 3
 21 37 3
 21 38 3
 21 39 3
 21 40 3
 21 41 3
 21 42 3
 21 43 3
 21 44 3
 21 46 3
 21 49 3
 21 51 3
 21 53 3
 21 55 3
 21 57 3
 21 59 3
 21 61 12
 22 6 12
 22 7 3
 22 9 3
 22 11 3
 22 13 3
 22 15 3
 22 17 3
 22 19 3
 22 33 3
 22 46 3
 22 47 3
 22 48 3
 22 49 3
 22 51 3
 22 53 3
 22 55 3
 22 57 3
 22 59 3
 22 61 12
 23 6 12
 23 7 3
 23 9 3
 23 11 3
 23 13 3
 23 15 3
 23 17 3
 23 19 3
 23 21 3
 23 22 3
 23 23 3
 23 24 3
 23 25 3
 23 26 3
 23 27 3
 23 28 3
 23 29 3
 23 30 3
 23 31 3
 23 33 3
 23 35 3
 23 36 3
 23 37 3
 23 38 3
 23 39 3
 23 40 3
 23 41 3
 23 42 3
 23 43 3
 23 44 3
 23 45 3
 23 49 3
 23 51 3
 23 53 3
 23 55 3
 23 57 3
 23 59 3
 23 61 12
 24 6 12
 24 7 3
 24 9 3
 24 11 3
 24 13 3
 24 15 3
 24 17 3
 24 19 3
 24 21 3
 24 33 3
 24 35 3
 24 45 3
 24 47 3
 24 49 3
 24 51 3
 24 53 3
 24 55 3
 24 57 3
 24 59 3
 24 61 12
 25 6 12
 25 7 3
 25 9 3
 25 11 3
 25 13 3
 25 15 3
 25 17 3
 25 19 3
 25 21 3
 25 23 3
 25 24 3
 25 25 3
 25 26 3
 25 27 3
 25 28 3
 25 29 3
 25 30 3
 25 31 3
 25 32 3
 25 33 3
 25 35 3
 25 37 3
 25 38 3
 25 39 3
 25 40 3
 25 41 3
 25 42 3
 25 43 3
 25 45 3
 25 47 3
 25 49 3
 25 51 3
 25 53 3
 25 55 3
 25 57 3
 25 59 3
 25 61 12
 26 6 12
 26 7 3
 26 9 3
 26 11 3
 26 13 3
 26 15 3
 26 17 3
 26 19 3
 26 21 3
 26 23 3
 26 33 3
 26 35 3
 26 39 3
 26 43 3
 26 45 3
 26 47 3
 26 49 3
 26 51 3
 26 53 3
 26 55 3
 26 57 3
 26 59 3
 26 61 12
 27 6 12
 27 7 3
 27 9 3
 27 11 3
 27 13 3
 27 15 3
 27 17 3
 27 19 3
 27 21 3
 27 23 3
 27 25 3
 27 26 3
 27 27 3
 27 28 3
 27 29 3
 27 30 3
 27 31 3
 27 33 3
 27 35 3
 27 36 3
 27 37 3
 27 39 3
 27 43 3
 27 45 3
 27 47 3
 27 49 3
 27 51 3
 27 53 3
 27 55 3
 27 57 3
 27 59 3
 27 61 12
 28 6 12
 28 7 3
 28 9 3
 28 11 3
 28 13 3
 28 15 3
 28 17 3
 28 19 3
 28 21 3
 28 23 3
 28 25 3
 28 31 3
 28 33 3
 28 35 3
 28 39 3
 28 40 3
 28 41 3
 28 42 3
 28 43 3
 28 45 3
 28 47 3
 28 49 3
 28 51 3
 28 53 3
 28 55 3
 28 57 3
 28 59 3
 28 61 12
 29 6 12
 29 7 3
 29 9 3
 29 11 3
 29 13 3
 29 15 3
 29 17 3
 29 19 3
 29 21 3
 29 23 3
 29 25 3
 29 27 3
 29 28 3
 29 29 3
 29 31 3
 29 33 3
 29 35 3
 29 37 3
 29 39 3
 29 43 3
 29 45 3
 29 47 3
 29 49 3
 29 51 3
 29 53 3
 29 55 3
 29 57 3
 29 59 3
 29 61 12
 30 6 12
 30 7 3
 30 9 3
 30 11 3
 30 13 3
 30 15 3
 30 17 3
 30 19 3
 30 21 3
 30 23 3
 30 25 3
 30 27 3
 30 31 3
 30 33 3
 30 35 3
 30 37 3
 30 39 3
 30 41 3
 30 43 3
 30 45 3
 30 47 3
 30 49 3
 30 51 3
 30 53 3
 30 55 3
 30 57 3
 30 59 3
 30 61 12
 31 6 12
 31 7 3
 31 9 3
 31 11 3
 31 13 3
 31 15 3
 31 17 3
 31 19 3
 31 21 3
 31 23 3
 31 25 3
 31 27 3
 31 29 3
 31 30 3
 31 31 3
 31 33 3
 31 35 3
 31 37 3
 31 39 3
 31 41 3
 31 43 3
 31 45 3
 31 47 3
 31 49 3
 31 51 3
 31 53 3
 31 55 3
 31 57 3
 31 59 3
 31 61 12
 32 6 12
 32 7 3
 32 9 3
 32 11 3
 32 13 3
 32 15 3
 32 17 3
 32 19 3
 32 21 3
 32 23 3
 32 25 3
 32 27 3
 32 29 3
 32 33 3
 32 35 3
 32 37 3
 32 39 3
 32 41 3
 32 43 3
 32 45 3
 32 47 3
 32 49 3
 32 55 3
 32 57 3
 32 59 3
 32 61 12
 33 6 12
 33 7 3
 33 9 3
 33 11 3
 33 13 3
 33 15 3
 33 17 3
 33 19 3
 33 21 3
 33 23 3
 33 25 3
 33 27 3
 33 29 3
 33 31 3
 33 32 3
 33 33 3
 33 35 3
 33 37 3
 33 39 3
 33 41 3
 33 43 3
 33 45 3
 33 47 3
 33 49 3
 33 50 3
 33 51 3
 33 52 3
 33 53 3
 33 54 3
 33 55 3
 33 57 3
 33 59 3
 33 61 12
 34 6 12
 34 7 3
 34 9 3
 34 15 3
 34 21 3
 34 27 3
 34 29 3
 34 31 3
 34 32 4
 34 33 4
 34 34 4
 34 35 3
 34 37 3
 34 39 3
 34 41 3
 34 45 3
 34 47 3
 34 57 3
 34 59 3
 34 60 3
 34 61 12
 35 6 12
 35 7 3
 35 9 3
 35 10 3
 35 11 3
 35 12 3
 35 13 3
 35 14 3
 35 15 3
 35 16 3
 35 17 3
 35 18 3
 35 19 3
 35 20 3
 35 21 3
 35 22 3
 35 23 3
 35 24 3
 35 25 3
 35 26 3
 35 27 3
 35 29 3
 35 31 3
 35 32 4
 35 33 4
 35 34 4
 35 35 3
 35 37 3
 35 39 3
 35 41 3
 35 42 3
 35 43 3
 35 44 3
 35 45 3
 35 47 3
 35 48 3
 35 49 3
 35 50 3
 35 51 3
 35 52 3
 35 53 3
 35 54 3
 35 55 3
 35 56 3
 35 57 3
 35 60 4
 35 61 12
 36 6 12
 36 7 3
 36 9 3
 36 27 3
 36 29 3
 36 31 3
 36 32 4
 36 33 4
 36 34 4
 36 35 3
 36 37 3
 36 39 3
 36 57 3
 36 59 3
 36 60 3
 36 61 12
 37 6 12
 37 7 3
 37 9 3
 37 11 3
 37 12 3
 37 13 3
 37 14 3
 37 15 3
 37 16 3
 37 17 3
 37 18 3
 37 19 3
 37 21 3
 37 22 3
 37 23 3
 37 24 3
 37 25 3
 37 27 3
 37 29 3
 37 31 3
 37 32 3
 37 33 3
 37 34 3
 37 35 3
 37 37 3
 37 39 3
 37 41 3
 37 42 3
 37 43 3
 37 44 3
 37 45 3
 37 47 3
 37 48 3
 37 49 3
 37 50 3
 37 51 3
 37 52 3
 37 53 3
 37 54 3
 37 55 3
 37 57 3
 37 59 3
 37 61 12
 38 6 12
 38 7 3
 38 9 3
 38 11 3
 38 19 3
 38 21 3
 38 25 3
 38 27 3
 38 29 3
 38 37 3
 38 39 3
 38 41 3
 38 45 3
 38 47 3
 38 55 3
 38 57 3
 38 59 3
 38 61 12
 39 6 12
 39 7 3
 39 9 3
 39 11 3
 39 13 3
 39 14 3
 39 15 3
 39 16 3
 39 17 3
 39 19 3
 39 21 3
 39 23 3
 39 25 3
 39 27 3
 39 29 3
 39 30 3
 39 31 3
 39 32 3
 39 33 3
 39 34 3
 39 35 3
 39 36 3
 39 37 3
 39 39 3
 39 41 3
 39 43 3
 39 45 3
 39 47 3
 39 49 3
 39 50 3
 39 51 3
 39 52 3
 39 53 3
 39 55 3
 39 57 3
 39 58 3
 39 59 3
 39 61 12
 40 6 12
 40 7 3
 40 9 3
 40 11 3
 40 13 3
 40 17 3
 40 19 3
 40 21 3
 40 23 3
 40 25 3
 40 27 3
 40 39 3
 40 41 3
 40 43 3
 40 45 3
 40 47 3
 40 49 3
 40 53 3
 40 55 3
 40 57 3
 40 61 12
 41 6 12
 41 7 3
 41 9 3
 41 11 3
 41 13 3
 41 15 3
 41 17 3
 41 19 3
 41 21 3
 41 23 3
 41 27 3
 41 28 3
 41 29 3
 41 30 3
 41 31 3
 41 32 3
 41 33 3
 41 34 3
 41 35 3
 41 36 3
 41 37 3
 41 38 3
 41 39 3
 41 43 3
 41 45 3
 41 47 3
 41 49 3
 41 51 3
 41 53 3
 41 55 3
 41 57 3
 41 61 12
 42 6 12
 42 7 3
 42 9 3
 42 11 3
 42 13 3
 42 15 3
 42 17 3
 42 19 3
 42 21 3
 42 23 3
 42 24 3
 42 25 3
 42 26 3
 42 33 3
 42 40 3
 42 41 3
 42 42 3
 42 43 3
 42 45 3
 42 47 3
 42 49 3
 42 51 3
 42 53 3
 42 55 3
 42 57 3
 42 61 12
 43 6 12
 43 7 3
 43 9 3
 43 11 3
 43 13 3
 43 15 3
 43 17 3
 43 19 3
 43 21 3
 43 23 3
 43 26 3
 43 28 3
 43 29 3
 43 30 3
 43 31 3
 43 33 3
 43 35 3
 43 36 3
 43 37 3
 43 38 3
 43 40 3
 43 43 3
 43 45 3
 43 47 3
 43 49 3
 43 51 3
 43 53 3
 43 55 3
 43 57 3
 43 61 12
 44 6 12
 44 7 3
 44 9 3
 44 11 3
 44 13 3
 44 15 3
 44 17 3
 44 19 3
 44 21 3
 44 23 3
 44 26 3
 44 31 3
 44 33 3
 44 35 3
 44 40 3
 44 43 3
 44 45 3
 44 47 3
 44 49 3
 44 51 3
 44 53 3
 44 55 3
 44 57 3
 44 61 12
 45 6 12
 45 7 3
 45 9 3
 45 11 3
 45 13 3
 45 15 3
 45 17 3
 45 19 3
 45 21 3
 45 23 3
 45 24 3
 45 25 3
 45 26 3
 45 27 3
 45 28 3
 45 29 3
 45 31 3
 45 33 3
 45 35 3
 45 37 3
 45 38 3
 45 39 3
 45 40 3
 45 41 3
 45 42 3
 45 43 3
 45 45 3
 45 47 3
 45 49 3
 45 51 3
 45 53 3
 45 55 3
 45 57 3
 45 61 12
 46 6 12
 46 7 3
 46 9 3
 46 11 3
 46 13 3
 46 15 3
 46 17 3
 46 19 3
 46 21 3
 46 31 3
 46 33 3
 46 35 3
 46 45 3
 46 47 3
 46 49 3
 46 51 3
 46 53 3
 46 55 3
 46 57 3
 46 61 12
 47 6 12
 47 7 3
 47 9 3
 47 11 3
 47 13 3
 47 15 3
 47 17 3
 47 19 3
 47 21 3
 47 22 3
 47 23 3
 47 24 3
 47 25 3
 47 26 3
 47 27 3
 47 28 3
 47 29 3
 47 30 3
 47 31 3
 47 33 3
 47 35 3
 47 37 3
 47 38 3
 47 39 3
 47 40 3
 47 41 3
 47 42 3
 47 43 3
 47 44 3
 47 45 3
 47 47 3
 47 49 3
 47 51 3
 47 53 3
 47 55 3
 47 57 3
 47 61 12
 48 6 12
 48 7 3
 48 9 3
 48 11 3
 48 13 3
 48 15 3
 48 17 3
 48 19 3
 48 33 3
 48 35 3
 48 47 3
 48 49 3
 48 51 3
 48 53 3
 48 55 3
 48 57 3
 48 61 12
 49 6 12
 49 7 3
 49 9 3
 49 11 3
 49 13 3
 49 15 3
 49 19 3
 49 20 3
 49 21 3
 49 22 3
 49 23 3
 49 24 3
 49 25 3
 49 26 3
 49 27 3
 49 28 3
 49 29 3
 49 30 3
 49 31 3
 49 32 3
 49 33 3
 49 35 3
 49 36 3
 49 37 3
 49 38 3
 49 39 3
 49 40 3
 49 41 3
 49 42 3
 49 43 3
 49 44 3
 49 45 3
 49 46 3
 49 47 3
 49 51 3
 49 53 3
 49 55 3
 49 57 3
 49 61 12
 50 6 12
 50 7 3
 50 9 3
 50 11 3
 50 13 3
 50 15 3
 50 17 3
 50 18 3
 50 48 3
 50 49 3
 50 50 3
 50 51 3
 50 53 3
 50 55 3
 50 57 3
 50 61 12
 51 6 12
 51 7 3
 51 9 3
 51 11 3
 51 13 3
 51 15 3
 51 17 3
 51 18 3
 51 20 3
 51 21 3
 51 22 3
 51 23 3
 51 24 3
 51 25 3
 51 26 3
 51 27 3
 51 28 3
 51 29 3
 51 30 3
 51 31 3
 51 33 3
 51 35 3
 51 36 3
 51 37 3
 51 38 3
 51 39 3
 51 40 3
 51 41 3
 51 42 3
 51 43 3
 51 44 3
 51 45 3
 51 46 3
 51 48 3
 51 51 3
 51 53 3
 51 55 3
 51 57 3
 51 61 12
 52 6 12
 52 7 3
 52 9 3
 52 11 3
 52 13 3
 52 15 3
 52 31 3
 52 33 3
 52 35 3
 52 48 3
 52 51 3
 52 53 3
 52 55 3
 52 57 3
 52 61 12
 53 6 12
 53 7 3
 53 9 3
 53 11 3
 53 13 3
 53 15 3
 53 16 3
 53 17 3
 53 18 3
 53 19 3
 53 20 3
 53 21 3
 53 22 3
 53 23 3
 53 24 3
 53 25 3
 53 26 3
 53 27 3
 53 28 3
 53 29 3
 53 31 3
 53 33 3
 53 35 3
 53 37 3
 53 39 3
 53 40 3
 53 41 3
 53 42 3
 53 43 3
 53 44 3
 53 45 3
 53 46 3
 53 47 3
 53 48 3
 53 49 3
 53 50 3
 53 51 3
 53 53 3
 53 55 3
 53 57 3
 53 61 12
 54 6 12
 54 7 3
 54 9 3
 54 11 3
 54 13 3
 54 31 3
 54 33 3
 54 35 3
 54 37 3
 54 53 3
 54 55 3
 54 57 3
 54 61 12
 55 6 12
 55 7 3
 55 9 3
 55 13 3
 55 14 3
 55 15 3
 55 16 3
 55 17 3
 55 18 3
 55 19 3
 55 20 3
 55 21 3
 55 22 3
 55 23 3
 55 24 3
 55 25 3
 55 26 3
 55 27 3
 55 28 3
 55 29 3
 55 30 3
 55 31 3
 55 33 3
 55 35 3
 55 37 3
 55 38 3
 55 39 3
 55 40 3
 55 41 3
 55 42 3
 55 43 3
 55 44 3
 55 45 3
 55 46 3
 55 47 3
 55 48 3
 55 49 3
 55 50 3
 55 51 3
 55 53 3
 55 57 3
 55 61 12
 56 6 12
 56 7 3
 56 9 3
 56 11 3
 56 12 3
 56 33 3
 56 35 3
 56 37 3
 56 53 3
 56 54 3
 56 55 3
 56 57 3
 56 61 12
 57 6 12
 57 7 3
 57 9 3
 57 11 3
 57 12 3
 57 14 3
 57 15 3
 57 16 3
 57 17 3
 57 18 3
 57 19 3
 57 20 3
 57 21 3
 57 22 3
 57 23 3
 57 24 3
 57 25 3
 57 26 3
 57 27 3
 57 28 3
 57 29 3
 57 30 3
 57 31 3
 57 32 3
 57 33 3
 57 35 3
 57 37 3
 57 39 3
 57 40 3
 57 41 3
 57 42 3
 57 43 3
 57 44 3
 57 45 3
 57 46 3
 57 47 3
 57 48 3
 57 49 3
 57 50 3
 57 51 3
 57 52 3
 57 53 3
 57 54 3
 57 55 3
 57 57 3
 57 61 12
 58 6 12
 58 7 3
 58 11 3
 58 12 3
 58 37 3
 58 57 3
 58 61 12
 59 6 12
 59 7 3
 59 8 3
 59 9 3
 59 10 3
 59 11 3
 59 12 3
 59 13 3
 59 14 3
 59 15 3
 59 16 3
 59 17 3
 59 18 3
 59 19 3
 59 20 3
 59 21 3
 59 22 3
 59 23 3
 59 24 3
 59 25 3
 59 26 3
 59 27 3
 59 28 3
 59 29 3
 59 30 3
 59 31 3
 59 32 3
 59 33 3
 59 34 3
 59 35 3
 59 36 3
 59 37 3
 59 38 3
 59 39 3
 59 40 3
 59 41 3
 59 42 3
 59 43 3
 59 44 3
 59 45 3
 59 46 3
 59 47 3
 59 48 3
 59 49 3
 59 50 3
 59 51 3
 59 52 3
 59 53 3
 59 54 3
 59 55 3
 59 56 3
 59 57 3
 59 61 12
 60 6 12
 60 7 12
 60 8 12
 60 9 12
 60 10 12
 60 11 12
 60 12 12
 60 13 12
 60 14 12
 60 15 12
 60 16 12
 60 17 12
 60 18 12
 60 19 12
 60 20 12
 60 21 12
 60 22 12
 60 23 12
 60 24 12
 60 25 12
 60 26 12
 60 27 12
 60 28 12
 60 29 12
 60 30 12
 60 31 12
 60 32 12
 60 33 12
 60 34 12
 60 35 12
 60 36 12
 60 37 12
 60 38 12
 60 39 12
 60 40 12
 60 41 12
 60 42 12
 60 43 12
 60 44 12
 60 45 12
 60 46 12
 60 47 12
 60 48 12
 60 49 12
 60 50 12
 60 51 12
 60 52 12
 60 53 12
 60 54 12
 60 55 12
 60 56 12
 60 57 12
 60 58 12
 60 59 12
 60 60 12
 60 61 12
