0 8 1
0 11 1
0 22 1
0 25 1
0 39 1
0 42 1
1 8 1
1 11 1
1 22 1
1 25 1
1 39 1
1 42 1
2 8 1
2 11 1
2 22 1
2 25 1
2 39 1
2 42 1
3 8 1
3 11 1
3 22 1
3 25 1
3 39 1
3 42 1
4 0 1
4 1 1
4 2 1
4 3 1
4 4 1
4 5 1
4 6 1
4 7 1
4 8 1
4 11 1
4 12 1
4 13 1
4 14 1
4 15 1
4 16 1
4 17 1
4 18 1
4 19 1
4 20 1
4 21 1
4 22 1
4 25 1
4 26 1
4 27 1
4 28 1
4 29 1
4 30 1
4 31 1
4 32 1
4 33 1
4 34 1
4 35 1
4 36 1
4 37 1
4 38 1
4 39 1
4 42 1
4 43 1
4 44 1
4 45 1
4 46 1
4 47 1
4 48 1
4 49 1
7 0 1
7 1 1
7 2 1
7 3 1
7 4 1
7 5 1
7 6 1
7 7 1
7 8 1
7 11 1
7 12 1
7 13 1
7 14 1
7 15 1
7 16 1
7 17 1
7 18 1
7 19 1
7 20 1
7 21 1
7 22 1
7 25 1
7 26 1
7 27 1
7 28 1
7 29 1
7 30 1
7 31 1
7 32 1
7 33 1
7 34 1
7 35 1
7 36 1
7 37 1
7 38 1
7 39 1
7 42 1
7 43 1
7 44 1
7 45 1
7 46 1
7 47 1
7 48 1
7 49 1
8 8 1
8 11 1
8 22 1
8 25 1
8 39 1
8 42 1
9 8 1
9 11 1
9 22 1
9 25 1
9 39 1
9 42 1
10 8 1
10 11 1
10 22 1
10 25 1
10 39 1
10 42 1
11 8 1
11 11 1
11 22 1
11 25 1
11 39 1
11 42 1
12 8 1
12 11 1
12 22 1
12 25 1
12 39 1
12 42 1
13 8 1
13 11 1
13 22 1
13 25 1
13 39 1
13 42 1
14 8 1
14 11 1
14 22 1
14 25 1
14 39 1
14 42 1
15 8 1
15 11 1
15 22 1
15 25 1
15 39 1
15 42 1
16 8 1
16 11 1
16 22 1
16 25 1
16 39 1
16 42 1
17 8 1
17 11 1
17 22 1
17 25 1
17 39 1
17 42 1
18 8 1
18 11 1
18 22 1
18 25 1
18 39 1
18 42 1
19 0 1
19 1 1
19 2 1
19 3 1
19 4 1
19 5 1
19 6 1
19 7 1
19 8 1
19 11 1
19 12 1
19 13 1
19 14 1
19 15 1
19 16 1
19 17 1
19 18 1
19 19 1
19 20 1
19 21 1
19 22 1
19 25 1
19 26 1
19 27 1
19 28 1
19 29 1
19 30 1
19 31 1
19 32 1
19 33 1
19 34 1
19 35 1
19 36 1
19 37 1
19 38 1
19 39 1
19 42 1
19 43 1
19 44 1
19 45 1
19 46 1
19 47 1
19 48 1
19 49 1
22 0 1
22 1 1
22 2 1
22 3 1
22 4 1
22 5 1
22 6 1
22 7 1
22 8 1
22 11 1
22 12 1
22 13 1
22 14 1
22 15 1
22 16 1
22 17 1
22 18 1
22 19 1
22 20 1
22 21 1
22 22 1
22 25 1
22 26 1
22 27 1
22 28 1
22 29 1
22 30 1
22 31 1
22 32 1
22 33 1
22 34 1
22 35 1
22 36 1
22 37 1
22 38 1
22 39 1
22 42 1
22 43 1
22 44 1
22 45 1
22 46 1
22 47 1
22 48 1
22 49 1
23 8 1
23 11 1
23 22 1
23 25 1
23 39 1
23 42 1
24 8 1
24 11 1
24 22 1
24 25 1
24 39 1
24 42 1
25 8 1
25 11 1
25 22 1
25 25 1
25 39 1
25 42 1
26 8 1
26 11 1
26 22 1
26 25 1
26 39 1
26 42 1
27 8 1
27 11 1
27 22 1
27 25 1
27 39 1
27 42 1
28 8 1
28 11 1
28 22 1
28 25 1
28 39 1
28 42 1
29 8 1
29 11 1
29 22 1
29 25 1
29 39 1
29 42 1
30 8 1
30 11 1
30 22 1
30 25 1
30 39 1
30 42 1
31 8 1
31 11 1
31 22 1
31 25 1
31 39 1
31 42 1
32 8 1
32 11 1
32 22 1
32 25 1
32 39 1
32 42 1
33 8 1
33 11 1
33 22 1
33 25 1
33 39 1
33 42 1
34 8 1
34 11 1
34 22 1
34 25 1
34 39 1
34 42 1
35 0 1
35 1 1
35 2 1
35 3 1
35 4 1
35 5 1
35 6 1
35 7 1
35 8 1
35 11 1
35 12 1
35 13 1
35 14 1
35 15 1
35 16 1
35 17 1
35 18 1
35 19 1
35 20 1
35 21 1
35 22 1
35 25 1
35 26 1
35 27 1
35 28 1
35 29 1
35 30 1
35 31 1
35 32 1
35 33 1
35 34 1
35 35 1
35 36 1
35 37 1
35 38 1
35 39 1
35 42 1
35 43 1
35 44 1
35 45 1
35 46 1
35 47 1
35 48 1
35 49 1
38 0 1
38 1 1
38 2 1
38 3 1
38 4 1
38 5 1
38 6 1
38 7 1
38 8 1
38 11 1
38 12 1
38 13 1
38 14 1
38 15 1
38 16 1
38 17 1
38 18 1
38 19 1
38 20 1
38 21 1
38 22 1
38 25 1
38 26 1
38 27 1
38 28 1
38 29 1
38 30 1
38 31 1
38 32 1
38 33 1
38 34 1
38 35 1
38 36 1
38 37 1
38 38 1
38 39 1
38 42 1
38 43 1
38 44 1
38 45 1
38 46 1
38 47 1
38 48 1
38 49 1
39 8 1
39 11 1
39 22 1
39 25 1
39 39 1
39 42 1
40 8 1
40 11 1
40 22 1
40 25 1
40 39 1
40 42 1
41 8 1
41 11 1
41 22 1
41 25 1
41 39 1
41 42 1
42 8 1
42 11 1
42 22 1
42 25 1
42 39 1
42 42 1
43 8 1
43 11 1
43 22 1
43 25 1
43 39 1
43 42 1
44 8 1
44 11 1
44 22 1
44 25 1
44 39 1
44 42 1
45 8 1
45 11 1
45 22 1
45 25 1
45 39 1
45 42 1
46 8 1
46 11 1
46 22 1
46 25 1
46 39 1
46 42 1
47 8 1
47 11 1
47 22 1
47 25 1
47 39 1
47 42 1
48 8 1
48 11 1
48 22 1
48 25 1
48 39 1
48 42 1
49 8 1
49 11 1
49 22 1
49 25 1
49 39 1
49 42 1
